Version: V1.0

succ([0, 1, 2], 0, 0)
[[0, 0, 2], [0, 1, 1], [0, 2, 2]]
succ([1, 1, 2], 0, 0)
[]
succ tests complete

f([1, 2, 2])
3
f([2, 2, 2])
3
f([0, 0, 2])
3
f([0, 2, 0])
2
f([0, 2, 1])
2
f tests complete

choose_next([1, 1, 2], 1, 1)
[0, 1, 2]
choose_next([0, 2, 0], 0, 0)
[0, 2, 0]
choose_next([0, 1, 0], 0, 0)
[0, 2, 0]
choose_next([0, 1, 0], 0, 1)
[0, 2, 0]
choose_next tests complete

n_queens([0, 1, 2, 3, 5, 6, 6, 7], 1, 1)
[0, 1, 2, 3, 5, 6, 6, 7] - f=8
[0, 1, 2, 3, 5, 7, 6, 7] - f=7
[0, 1, 1, 3, 5, 7, 6, 7] - f=7
[0, 1, 1, 3, 5, 7, 6, 7]
n_queens([0, 7, 3, 4, 7, 1, 2, 2], 0, 0)
[0, 7, 3, 4, 7, 1, 2, 2] - f=7
[0, 6, 3, 4, 7, 1, 2, 2] - f=6
[0, 6, 3, 5, 7, 1, 2, 2] - f=4
[0, 6, 3, 5, 7, 1, 3, 2] - f=3
[0, 6, 3, 5, 7, 1, 4, 2] - f=0
[0, 6, 3, 5, 7, 1, 4, 2]
n_queens tests complete

n_queens_restart(7, 10, 0, 0)
[0, 2, 0, 6, 4, 1, 5] - f=3
[0, 3, 5, 2, 4, 6, 4] - f=3
[0, 5, 4, 2, 6, 3, 1] - f=3
n_queens_restart(8, 1000, 0, 0)
[0, 6, 4, 7, 1, 3, 5, 2] - f=0
n_queens_restart tests complete

